SWMM5 Interface File
Tutorial Example 
900  - reporting time step in sec
1    - number of constituents as listed below:
FLOW CFS
1    - number of nodes as listed below:
Out1
Node             Year Mon Day Hr  Min Sec FLOW      
Out1             2017 01  01  00  00  00  0.000000  
Out1             2017 01  01  00  15  00  0.000000  
Out1             2017 01  01  00  30  00  0.000000  
Out1             2017 01  01  00  45  00  0.000000  
Out1             2017 01  01  01  00  00  0.000000  
Out1             2017 01  01  01  15  00  1.082368  
Out1             2017 01  01  01  30  00  2.380121  
Out1             2017 01  01  01  45  00  2.511004  
Out1             2017 01  01  02  00  00  2.520180  
Out1             2017 01  01  02  15  00  4.270655  
Out1             2017 01  01  02  30  00  4.283390  
Out1             2017 01  01  02  45  00  4.283459  
Out1             2017 01  01  03  00  00  4.286075  
Out1             2017 01  01  03  15  00  3.877773  
Out1             2017 01  01  03  30  00  3.785695  
Out1             2017 01  01  03  45  00  3.781592  
Out1             2017 01  01  04  00  00  3.783787  
Out1             2017 01  01  04  15  00  2.649996  
Out1             2017 01  01  04  30  00  2.530034  
Out1             2017 01  01  04  45  00  2.521601  
Out1             2017 01  01  05  00  00  2.520976  
Out1             2017 01  01  05  15  00  1.458221  
Out1             2017 01  01  05  30  00  1.286015  
Out1             2017 01  01  05  45  00  1.263948  
Out1             2017 01  01  06  00  00  1.260950  
Out1             2017 01  01  06  15  00  0.397161  
Out1             2017 01  01  06  30  00  0.147896  
Out1             2017 01  01  06  45  00  0.074085  
Out1             2017 01  01  07  00  00  0.042656  
Out1             2017 01  01  07  15  00  0.027160  
Out1             2017 01  01  07  30  00  0.018513  
Out1             2017 01  01  07  45  00  0.013271  
Out1             2017 01  01  08  00  00  0.009889  
Out1             2017 01  01  08  15  00  0.007598  
Out1             2017 01  01  08  30  00  0.005984  
Out1             2017 01  01  08  45  00  0.004811  
Out1             2017 01  01  09  00  00  0.003936  
Out1             2017 01  01  09  15  00  0.003267  
Out1             2017 01  01  09  30  00  0.002747  
Out1             2017 01  01  09  45  00  0.002336  
Out1             2017 01  01  10  00  00  0.002005  
Out1             2017 01  01  10  15  00  0.001737  
Out1             2017 01  01  10  30  00  0.001516  
Out1             2017 01  01  10  45  00  0.001332  
Out1             2017 01  01  11  00  00  0.001178  
Out1             2017 01  01  11  15  00  0.001048  
Out1             2017 01  01  11  30  00  0.000937  
Out1             2017 01  01  11  45  00  0.000841  
Out1             2017 01  01  12  00  00  0.000759  
Out1             2017 01  01  12  15  00  0.000688  
Out1             2017 01  01  12  30  00  0.000625  
Out1             2017 01  01  12  45  00  0.000570  
Out1             2017 01  01  13  00  00  0.000522  
Out1             2017 01  01  13  15  00  0.000479  
Out1             2017 01  01  13  30  00  0.000441  
Out1             2017 01  01  13  45  00  0.000407  
Out1             2017 01  01  14  00  00  0.000377  
Out1             2017 01  01  14  15  00  0.000350  
Out1             2017 01  01  14  30  00  0.000325  
Out1             2017 01  01  14  45  00  0.000303  
Out1             2017 01  01  15  00  00  0.000282  
Out1             2017 01  01  15  15  00  0.000264  
Out1             2017 01  01  15  30  00  0.000247  
Out1             2017 01  01  15  45  00  0.000232  
Out1             2017 01  01  16  00  00  0.000218  
Out1             2017 01  01  16  15  00  0.000205  
Out1             2017 01  01  16  30  00  0.000193  
Out1             2017 01  01  16  45  00  0.000182  
Out1             2017 01  01  17  00  00  0.000172  
Out1             2017 01  01  17  15  00  0.000163  
Out1             2017 01  01  17  30  00  0.000154  
Out1             2017 01  01  17  45  00  0.000146  
Out1             2017 01  01  18  00  00  0.000139  
Out1             2017 01  01  18  15  00  0.000132  
Out1             2017 01  01  18  30  00  0.000126  
Out1             2017 01  01  18  45  00  0.000120  
Out1             2017 01  01  19  00  00  0.000114  
Out1             2017 01  01  19  15  00  0.000109  
Out1             2017 01  01  19  30  00  0.000104  
Out1             2017 01  01  19  45  00  0.000099  
Out1             2017 01  01  20  00  00  0.000095  
Out1             2017 01  01  20  15  00  0.000091  
Out1             2017 01  01  20  30  00  0.000087  
Out1             2017 01  01  20  45  00  0.000083  
Out1             2017 01  01  21  00  00  0.000080  
Out1             2017 01  01  21  15  00  0.000077  
Out1             2017 01  01  21  30  00  0.000074  
Out1             2017 01  01  21  45  00  0.000071  
Out1             2017 01  01  22  00  00  0.000068  
Out1             2017 01  01  22  15  00  0.000068  
Out1             2017 01  01  22  30  00  0.000060  
Out1             2017 01  01  22  45  00  0.000057  
Out1             2017 01  01  23  00  00  0.000054  
Out1             2017 01  01  23  15  00  0.000052  
Out1             2017 01  01  23  30  00  0.000050  
Out1             2017 01  01  23  45  00  0.000048  
Out1             2017 01  02  00  00  00  0.000047  